0.547135128442715
0.5500709894952428
0.601145874491278
0.5999613855032028
0.5668000543484926
0.5680196535639345
0.5328704779910064
0.5455875742425084
0.5436822534649469
0.5578067746610433
0.5521771420762608
0.5931235383085876
0.5709935704856662
0.5910353164468354
0.5506968464118837
0.5547212754054436
0.5760545124275255
0.5667246061004234
0.5763035933971242
0.6023414185782615
0.5192129821685895
0.5629136875032139
0.5749839093084511
0.5740781456253738
0.6151143730269188
0.5391546016470871
0.5712007394328171
0.5412030616423202
0.5507327168481728
0.5782621615310204
